1389695958
-382133524
-1214079852
-1059279238
191358043
972023077
1829518557
-1905618024
2000590786
1021989330
1545836610
-384657183
-165232390
-1859236277
262980211
248515952
197314803
-851841953
-353653621
-1941321477
744825987
284437604
1160259477
1475991039
-271678323
420992143
85003089
-991360196
98329695
1034152325
-2090564296
-1962522524
841456220
-1719493583
2116015038
-815248882
-244789542
189841624
-1059524138
-129742608
678624589
188556138
1879635643
-833431475
-1494064220
1234717977
875965932
1258272684
1377862643
1377996591
-1286001801
-1084716086
1266949201
-1028692196
986210426
913945297
1474181379
227708878
1453978598
108505033
-1999387431
-490974139
2107892614
263629133
-1158333480
-1431308442
1551806783
-880175230
-1078172648
-2049424114
-1645272935
-888390331
305279215
-563371927
-83900291
-440633181
728577103
1012016005
-1462010560
127465101
70992492
-157965279
-716843296
935556556
21965729
-301157941
1411340172
772785458
-1988775788
1584324905
707196521
784855313
1474499735
1192360086
-1945955693
729895921
1641869905
141873648
-1061678495
-1922728324
